{
    "camera_angle_x": 0.09927837550640106,
    "euclidean_distance": 50.7994356229152,
    "frames": [
        {
            "file_path": "./train/m_000",
            "transform_matrix": [
                [
                    -0.9999999403953552,
                    7.851726695662364e-05,
                    0.00043283775448799133,
                    -219.6280059814453
                ],
                [
                    0.0004399017198011279,
                    0.17848819494247437,
                    0.983941912651062,
                    85.42569732666016
                ],
                [
                    0.0,
                    0.9839420318603516,
                    -0.17848820984363556,
                    92.84290313720703
                ],
                [
                    0.0,
                    0.0,
                    0.0,
                    1.0
                ]
            ]
        },
        {
            "file_path": "./train/m_003",
            "transform_matrix": [
                [
                    -0.9802931547164917,
                    0.03526005521416664,
                    0.194376140832901,
                    -209.77578735351562
                ],
                [
                    0.19754837453365326,
                    0.17497076094150543,
                    0.9645516276359558,
                    84.440673828125
                ],
                [
                    0.0,
                    0.9839420318603516,
                    -0.17848820984363556,
                    92.84290313720703
                ],
                [
                    0.0,
                    0.0,
                    0.0,
                    1.0
                ]
            ]
        },
        {
            "file_path": "./train/m_006",
            "transform_matrix": [
                [
                    -0.9221197366714478,
                    0.06905794888734818,
                    0.38069191575050354,
                    -200.31106567382812
                ],
                [
                    0.38690483570098877,
                    0.16458748281002045,
                    0.907312273979187,
                    81.53295135498047
                ],
                [
                    0.0,
                    0.9839420318603516,
                    -0.17848820984363556,
                    92.84290313720703
                ],
                [
                    0.0,
                    0.0,
                    0.0,
                    1.0
                ]
            ]
        },
        {
            "file_path": "./train/m_009",
            "transform_matrix": [
                [
                    -0.8277621269226074,
                    0.10014603286981583,
                    0.5520694851875305,
                    -191.6051788330078
                ],
                [
                    0.5610792636871338,
                    0.1477457731962204,
                    0.8144698739051819,
                    76.81661224365234
                ],
                [
                    0.0,
                    0.9839420318603516,
                    -0.17848820984363556,
                    92.84290313720703
                ],
                [
                    0.0,
                    0.0,
                    0.0,
                    1.0
                ]
            ]
        },
        {
            "file_path": "./train/m_012",
            "transform_matrix": [
                [
                    -0.700922966003418,
                    0.12730439007282257,
                    0.7017837762832642,
                    -183.99978637695312
                ],
                [
                    0.713236927986145,
                    0.12510648369789124,
                    0.6896675825119019,
                    70.47673034667969
                ],
                [
                    0.0,
                    0.9839420318603516,
                    -0.17848820984363556,
                    92.84290313720703
                ],
                [
                    0.0,
                    0.0,
                    0.0,
                    1.0
                ]
            ]
        },
        {
            "file_path": "./train/m_015",
            "transform_matrix": [
                [
                    -0.5465797781944275,
                    0.14946727454662323,
                    0.8239599466323853,
                    -177.79330444335938
                ],
                [
                    0.8374070525169373,
                    0.09755805879831314,
                    0.5378028750419617,
                    62.76207733154297
                ],
                [
                    0.0,
                    0.9839420318603516,
                    -0.17848820984363556,
                    92.84290313720703
                ],
                [
                    0.0,
                    0.0,
                    0.0,
                    1.0
                ]
            ]
        },
        {
            "file_path": "./train/m_018",
            "transform_matrix": [
                [
                    -0.37078866362571716,
                    0.16576509177684784,
                    0.9138039350509644,
                    -173.22926330566406
                ],
                [
                    0.928717315196991,
                    0.06618140637874603,
                    0.3648345470428467,
                    53.97538757324219
                ],
                [
                    0.0,
                    0.9839420318603516,
                    -0.17848820984363556,
                    92.84290313720703
                ],
                [
                    0.0,
                    0.0,
                    0.0,
                    1.0
                ]
            ]
        },
        {
            "file_path": "./train/m_021",
            "transform_matrix": [
                [
                    -0.18044781684875488,
                    0.17555823922157288,
                    0.9677901864051819,
                    -170.48678588867188
                ],
                [
                    0.9835845828056335,
                    0.032207805663347244,
                    0.17755018174648285,
                    44.46145248413086
                ],
                [
                    0.0,
                    0.9839420318603516,
                    -0.17848820984363556,
                    92.84290313720703
                ],
                [
                    0.0,
                    0.0,
                    0.0,
                    1.0
                ]
            ]
        },
        {
            "file_path": "./train/m_024",
            "transform_matrix": [
                [
                    0.016973815858364105,
                    0.17846250534057617,
                    0.9838002920150757,
                    -169.67349243164062
                ],
                [
                    0.9998559951782227,
                    -0.0030296260956674814,
                    -0.01670125126838684,
                    34.59358596801758
                ],
                [
                    0.0,
                    0.9839420318603516,
                    -0.17848820984363556,
                    92.84290313720703
                ],
                [
                    0.0,
                    0.0,
                    0.0,
                    1.0
                ]
            ]
        },
        {
            "file_path": "./train/m_027",
            "transform_matrix": [
                [
                    0.21372951567173004,
                    0.1743638664484024,
                    0.9612059593200684,
                    -170.82127380371094
                ],
                [
                    0.9768929481506348,
                    -0.038148198276758194,
                    -0.21029745042324066,
                    24.75900650024414
                ],
                [
                    0.0,
                    0.9839420318603516,
                    -0.17848820984363556,
                    92.84290313720703
                ],
                [
                    0.0,
                    0.0,
                    0.0,
                    1.0
                ]
            ]
        },
        {
            "file_path": "./train/m_030",
            "transform_matrix": [
                [
                    0.4020984470844269,
                    0.16342316567897797,
                    0.9008938074111938,
                    -173.8850860595703
                ],
                [
                    0.9155964255332947,
                    -0.0717698335647583,
                    -0.3956415355205536,
                    15.343624114990234
                ],
                [
                    0.0,
                    0.9839420318603516,
                    -0.17848820984363556,
                    92.84290313720703
                ],
                [
                    0.0,
                    0.0,
                    0.0,
                    1.0
                ]
            ]
        },
        {
            "file_path": "./train/m_033",
            "transform_matrix": [
                [
                    0.5746887922286987,
                    0.14606976509094238,
                    0.8052306175231934,
                    -178.74473571777344
                ],
                [
                    0.8183720707893372,
                    -0.10257517546415329,
                    -0.5654604434967041,
                    6.716941833496094
                ],
                [
                    0.0,
                    0.9839420318603516,
                    -0.17848820984363556,
                    92.84290313720703
                ],
                [
                    0.0,
                    0.0,
                    0.0,
                    1.0
                ]
            ]
        },
        {
            "file_path": "./train/m_036",
            "transform_matrix": [
                [
                    0.724728524684906,
                    0.12298454344272614,
                    0.6779699921607971,
                    -185.20948791503906
                ],
                [
                    0.6890345811843872,
                    -0.12935549020767212,
                    -0.7130908370018005,
                    -0.7826080322265625
                ],
                [
                    0.0,
                    0.9839420318603516,
                    -0.17848820984363556,
                    92.84290313720703
                ],
                [
                    0.0,
                    0.0,
                    0.0,
                    1.0
                ]
            ]
        },
        {
            "file_path": "./train/m_039",
            "transform_matrix": [
                [
                    0.8463298082351685,
                    0.095073401927948,
                    0.5241058468818665,
                    -193.02569580078125
                ],
                [
                    0.5326592922210693,
                    -0.15105989575386047,
                    -0.8327394127845764,
                    -6.860694885253906
                ],
                [
                    0.0,
                    0.9839420318603516,
                    -0.17848820984363556,
                    92.84290313720703
                ],
                [
                    0.0,
                    0.0,
                    0.0,
                    1.0
                ]
            ]
        },
        {
            "file_path": "./train/m_042",
            "transform_matrix": [
                [
                    0.934721052646637,
                    0.06343156099319458,
                    0.34967562556266785,
                    -201.8866729736328
                ],
                [
                    0.35538235306739807,
                    -0.1668366938829422,
                    -0.9197112917900085,
                    -11.27880859375
                ],
                [
                    0.0,
                    0.9839420318603516,
                    -0.17848820984363556,
                    92.84290313720703
                ],
                [
                    0.0,
                    0.0,
                    0.0,
                    1.0
                ]
            ]
        },
        {
            "file_path": "./train/m_045",
            "transform_matrix": [
                [
                    0.9864336848258972,
                    0.029300706461071968,
                    0.16152438521385193,
                    -211.4446563720703
                ],
                [
                    0.16416046023368835,
                    -0.17606677114963531,
                    -0.9705934524536133,
                    -13.863605499267578
                ],
                [
                    0.0,
                    0.9839420318603516,
                    -0.17848820984363556,
                    92.84290313720703
                ],
                [
                    0.0,
                    0.0,
                    0.0,
                    1.0
                ]
            ]
        },
        {
            "file_path": "./train/m_048",
            "transform_matrix": [
                [
                    0.9994386434555054,
                    -0.005979833193123341,
                    -0.032964691519737244,
                    -221.32456970214844
                ],
                [
                    -0.03350267931818962,
                    -0.17838801443576813,
                    -0.9833896160125732,
                    -14.513640403747559
                ],
                [
                    0.0,
                    0.9839420318603516,
                    -0.17848820984363556,
                    92.84290313720703
                ],
                [
                    0.0,
                    0.0,
                    0.0,
                    1.0
                ]
            ]
        },
        {
            "file_path": "./train/m_051",
            "transform_matrix": [
                [
                    0.9732256531715393,
                    -0.041025884449481964,
                    -0.22616109251976013,
                    -231.1388397216797
                ],
                [
                    -0.22985206544399261,
                    -0.17370930314064026,
                    -0.957597553730011,
                    -13.203414916992188
                ],
                [
                    0.0,
                    0.9839420318603516,
                    -0.17848820984363556,
                    92.84290313720703
                ],
                [
                    0.0,
                    0.0,
                    0.0,
                    1.0
                ]
            ]
        },
        {
            "file_path": "./train/m_054",
            "transform_matrix": [
                [
                    0.9088230133056641,
                    -0.07446206361055374,
                    -0.41048285365104675,
                    -240.50228881835938
                ],
                [
                    -0.41718199849128723,
                    -0.16221418976783752,
                    -0.8942291140556335,
                    -9.984336853027344
                ],
                [
                    0.0,
                    0.9839420318603516,
                    -0.17848820984363556,
                    92.84290313720703
                ],
                [
                    0.0,
                    0.0,
                    0.0,
                    1.0
                ]
            ]
        },
        {
            "file_path": "./train/m_057",
            "transform_matrix": [
                [
                    0.8087582588195801,
                    -0.10497627407312393,
                    -0.5786968469619751,
                    -249.04745483398438
                ],
                [
                    -0.5881412029266357,
                    -0.14435380697250366,
                    -0.7957712411880493,
                    -4.982734680175781
                ],
                [
                    0.0,
                    0.9839420318603516,
                    -0.17848820984363556,
                    92.84290313720703
                ],
                [
                    0.0,
                    0.0,
                    0.0,
                    1.0
                ]
            ]
        },
        {
            "file_path": "./train/m_060",
            "transform_matrix": [
                [
                    0.6769578456878662,
                    -0.13137121498584747,
                    -0.7242027521133423,
                    -256.4390869140625
                ],
                [
                    -0.7360218167304993,
                    -0.12082900106906891,
                    -0.66608726978302,
                    1.6051368713378906
                ],
                [
                    0.0,
                    0.9839420318603516,
                    -0.17848820984363556,
                    92.84290313720703
                ],
                [
                    0.0,
                    0.0,
                    0.0,
                    1.0
                ]
            ]
        },
        {
            "file_path": "./train/m_063",
            "transform_matrix": [
                [
                    0.5185931921005249,
                    -0.15261119604110718,
                    -0.8412911891937256,
                    -262.3870849609375
                ],
                [
                    -0.8550211191177368,
                    -0.09256277978420258,
                    -0.5102656483650208,
                    9.520782470703125
                ],
                [
                    0.0,
                    0.9839420318603516,
                    -0.17848820984363556,
                    92.84290313720703
                ],
                [
                    0.0,
                    0.0,
                    0.0,
                    1.0
                ]
            ]
        },
        {
            "file_path": "./train/m_066",
            "transform_matrix": [
                [
                    0.3398788571357727,
                    -0.167862668633461,
                    -0.9253671169281006,
                    -266.65814208984375
                ],
                [
                    -0.9404692053794861,
                    -0.06066437065601349,
                    -0.3344210982322693,
                    18.453603744506836
                ],
                [
                    0.0,
                    0.9839420318603516,
                    -0.17848820984363556,
                    92.84290313720703
                ],
                [
                    0.0,
                    0.0,
                    0.0,
                    1.0
                ]
            ]
        },
        {
            "file_path": "./train/m_069",
            "transform_matrix": [
                [
                    0.14782853424549103,
                    -0.17652715742588043,
                    -0.9731314778327942,
                    -269.08453369140625
                ],
                [
                    -0.9890130162239075,
                    -0.026385650038719177,
                    -0.14545470476150513,
                    28.05298614501953
                ],
                [
                    0.0,
                    0.9839420318603516,
                    -0.17848820984363556,
                    92.84290313720703
                ],
                [
                    0.0,
                    0.0,
                    0.0,
                    1.0
                ]
            ]
        },
        {
            "file_path": "./train/m_072",
            "transform_matrix": [
                [
                    -0.050023507326841354,
                    -0.17826475203037262,
                    -0.9827101230621338,
                    -269.57110595703125
                ],
                [
                    -0.9987480640411377,
                    0.008928606286644936,
                    0.04922023043036461,
                    37.94236373901367
                ],
                [
                    0.0,
                    0.9839420318603516,
                    -0.17848820984363556,
                    92.84290313720703
                ],
                [
                    0.0,
                    0.0,
                    0.0,
                    1.0
                ]
            ]
        },
        {
            "file_path": "./train/m_075",
            "transform_matrix": [
                [
                    -0.24591170251369476,
                    -0.17300723493099213,
                    -0.9537273645401001,
                    -268.09881591796875
                ],
                [
                    -0.9692922830581665,
                    0.04389233887195587,
                    0.24196283519268036,
                    47.73358154296875
                ],
                [
                    0.0,
                    0.9839420318603516,
                    -0.17848820984363556,
                    92.84290313720703
                ],
                [
                    0.0,
                    0.0,
                    0.0,
                    1.0
                ]
            ]
        },
        {
            "file_path": "./train/m_078",
            "transform_matrix": [
                [
                    -0.432151198387146,
                    -0.16096088290214539,
                    -0.8873201012611389,
                    -264.725341796875
                ],
                [
                    -0.9018012285232544,
                    0.0771338939666748,
                    0.42521169781684875,
                    57.04251480102539
                ],
                [
                    0.0,
                    0.9839420318603516,
                    -0.17848820984363556,
                    92.84290313720703
                ],
                [
                    0.0,
                    0.0,
                    0.0,
                    1.0
                ]
            ]
        },
        {
            "file_path": "./train/m_081",
            "transform_matrix": [
                [
                    -0.6014329791069031,
                    -0.14259837567806244,
                    -0.7860941290855408,
                    -259.5831298828125
                ],
                [
                    -0.7989232540130615,
                    0.10734869539737701,
                    0.5917752385139465,
                    65.50386047363281
                ],
                [
                    0.0,
                    0.9839420318603516,
                    -0.17848820984363556,
                    92.84290313720703
                ],
                [
                    0.0,
                    0.0,
                    0.0,
                    1.0
                ]
            ]
        },
        {
            "file_path": "./train/m_084",
            "transform_matrix": [
                [
                    -0.7471143007278442,
                    -0.11864032596349716,
                    -0.6540219187736511,
                    -252.87393188476562
                ],
                [
                    -0.6646955609321594,
                    0.13335108757019043,
                    0.7351171374320984,
                    72.78553771972656
                ],
                [
                    0.0,
                    0.9839420318603516,
                    -0.17848820984363556,
                    92.84290313720703
                ],
                [
                    0.0,
                    0.0,
                    0.0,
                    1.0
                ]
            ]
        },
        {
            "file_path": "./train/m_087",
            "transform_matrix": [
                [
                    -0.863478422164917,
                    -0.09002692997455597,
                    -0.49628639221191406,
                    -244.86106872558594
                ],
                [
                    -0.5043858289718628,
                    0.15412072837352753,
                    0.8496127128601074,
                    78.60184478759766
                ],
                [
                    0.0,
                    0.9839420318603516,
                    -0.17848820984363556,
                    92.84290313720703
                ],
                [
                    0.0,
                    0.0,
                    0.0,
                    1.0
                ]
            ]
        },
        {
            "file_path": "./train/m_090",
            "transform_matrix": [
                [
                    -0.9459600448608398,
                    -0.057880718261003494,
                    -0.3190758228302002,
                    -235.85885620117188
                ],
                [
                    -0.3242831528186798,
                    0.16884271800518036,
                    0.9307698011398315,
                    82.72459411621094
                ],
                [
                    0.0,
                    0.9839420318603516,
                    -0.17848820984363556,
                    92.84290313720703
                ],
                [
                    0.0,
                    0.0,
                    0.0,
                    1.0
                ]
            ]
        },
        {
            "file_path": "./train/m_093",
            "transform_matrix": [
                [
                    -0.9913220405578613,
                    -0.02346334606409073,
                    -0.1293450891971588,
                    -226.2206573486328
                ],
                [
                    -0.13145600259304047,
                    0.17693929374217987,
                    0.9754034280776978,
                    84.991943359375
                ],
                [
                    0.0,
                    0.9839420318603516,
                    -0.17848820984363556,
                    92.84290313720703
                ],
                [
                    0.0,
                    0.0,
                    0.0,
                    1.0
                ]
            ]
        }
    ]
}