{
    "camera_angle_x": 0.09927837550640106,
    "euclidean_distance": 26.419316517133705,
    "frames": [
        {
            "file_path": "./train/frame0",
            "transform_matrix": [
                [
                    -0.9999997019767761,
                    0.00028552633011713624,
                    0.000832266581710428,
                    -219.6280059814453
                ],
                [
                    0.0008798825438134372,
                    0.3245050013065338,
                    0.9458835124969482,
                    60.43159866333008
                ],
                [
                    -2.910383739562761e-11,
                    0.9458838701248169,
                    -0.32450512051582336,
                    93.33679962158203
                ],
                [
                    0.0,
                    0.0,
                    0.0,
                    1.0
                ]
            ]
        },
        {
            "file_path": "./train/frame1",
            "transform_matrix": [
                [
                    -0.9802061915397644,
                    0.06424541771411896,
                    0.1872657835483551,
                    -214.7025604248047
                ],
                [
                    0.19797967374324799,
                    0.31808188557624817,
                    0.9271612167358398,
                    59.93696212768555
                ],
                [
                    -2.910383739562761e-11,
                    0.9458838701248169,
                    -0.32450512051582336,
                    93.33679962158203
                ],
                [
                    0.0,
                    0.0,
                    0.0,
                    1.0
                ]
            ]
        },
        {
            "file_path": "./train/frame2",
            "transform_matrix": [
                [
                    -0.9219494462013245,
                    0.1256842315196991,
                    0.3663507401943207,
                    -209.97125244140625
                ],
                [
                    0.38731053471565247,
                    0.29917728900909424,
                    0.8720570206642151,
                    58.48115158081055
                ],
                [
                    -2.910383739562761e-11,
                    0.9458838701248169,
                    -0.32450512051582336,
                    93.33679962158203
                ],
                [
                    0.0,
                    0.0,
                    0.0,
                    1.0
                ]
            ]
        },
        {
            "file_path": "./train/frame3",
            "transform_matrix": [
                [
                    -0.8275152444839478,
                    0.18219126760959625,
                    0.5310602784156799,
                    -205.6197509765625
                ],
                [
                    0.5614434480667114,
                    0.2685329020023346,
                    0.7827332615852356,
                    56.121280670166016
                ],
                [
                    -2.910383739562761e-11,
                    0.9458838701248169,
                    -0.32450512051582336,
                    93.33679962158203
                ],
                [
                    0.0,
                    0.0,
                    0.0,
                    1.0
                ]
            ]
        },
        {
            "file_path": "./train/frame4",
            "transform_matrix": [
                [
                    -0.7006091475486755,
                    0.23154909908771515,
                    0.6749309301376343,
                    -201.81878662109375
                ],
                [
                    0.7135453224182129,
                    0.22735123336315155,
                    0.6626948118209839,
                    52.94995880126953
                ],
                [
                    -2.910383739562761e-11,
                    0.9458838701248169,
                    -0.32450512051582336,
                    93.33679962158203
                ],
                [
                    0.0,
                    0.0,
                    0.0,
                    1.0
                ]
            ]
        },
        {
            "file_path": "./train/frame5",
            "transform_matrix": [
                [
                    -0.5462113618850708,
                    0.27182087302207947,
                    0.7923171520233154,
                    -198.717529296875
                ],
                [
                    0.8376474976539612,
                    0.17724837362766266,
                    0.516652524471283,
                    49.09160232543945
                ],
                [
                    -2.910383739562761e-11,
                    0.9458838701248169,
                    -0.32450512051582336,
                    93.33679962158203
                ],
                [
                    0.0,
                    0.0,
                    0.0,
                    1.0
                ]
            ]
        },
        {
            "file_path": "./train/frame6",
            "transform_matrix": [
                [
                    -0.3703800141811371,
                    0.30142641067504883,
                    0.8786128759384155,
                    -196.43763732910156
                ],
                [
                    0.9288803935050964,
                    0.12019021064043045,
                    0.3503364622592926,
                    44.69764709472656
                ],
                [
                    -2.910383739562761e-11,
                    0.9458838701248169,
                    -0.32450512051582336,
                    93.33679962158203
                ],
                [
                    0.0,
                    0.0,
                    0.0,
                    1.0
                ]
            ]
        },
        {
            "file_path": "./train/frame7",
            "transform_matrix": [
                [
                    -0.18001504242420197,
                    0.3192039728164673,
                    0.9304317831993103,
                    -195.068603515625
                ],
                [
                    0.9836639165878296,
                    0.05841580033302307,
                    0.1702733188867569,
                    39.94050979614258
                ],
                [
                    -2.910383739562761e-11,
                    0.9458838701248169,
                    -0.32450512051582336,
                    93.33679962158203
                ],
                [
                    0.0,
                    0.0,
                    0.0,
                    1.0
                ]
            ]
        },
        {
            "file_path": "./train/frame8",
            "transform_matrix": [
                [
                    0.017413733527064323,
                    0.32445594668388367,
                    0.9457404613494873,
                    -194.6641845703125
                ],
                [
                    0.999848484992981,
                    -0.005650845356285572,
                    -0.016471369192004204,
                    35.0068359375
                ],
                [
                    -2.910383739562761e-11,
                    0.9458838701248169,
                    -0.32450512051582336,
                    93.33679962158203
                ],
                [
                    0.0,
                    0.0,
                    0.0,
                    1.0
                ]
            ]
        },
        {
            "file_path": "./train/frame9",
            "transform_matrix": [
                [
                    0.21415932476520538,
                    0.3169761896133423,
                    0.9239382147789001,
                    -195.24017333984375
                ],
                [
                    0.9767988324165344,
                    -0.069495789706707,
                    -0.20256982743740082,
                    30.090240478515625
                ],
                [
                    -2.910383739562761e-11,
                    0.9458838701248169,
                    -0.32450512051582336,
                    93.33679962158203
                ],
                [
                    0.0,
                    0.0,
                    0.0,
                    1.0
                ]
            ]
        },
        {
            "file_path": "./train/frame10",
            "transform_matrix": [
                [
                    0.40250128507614136,
                    0.2970582842826843,
                    0.8658804893493652,
                    -196.77401733398438
                ],
                [
                    0.9154194593429565,
                    -0.13061371445655823,
                    -0.38071945309638977,
                    25.383642196655273
                ],
                [
                    -2.910383739562761e-11,
                    0.9458838701248169,
                    -0.32450512051582336,
                    93.33679962158203
                ],
                [
                    0.0,
                    0.0,
                    0.0,
                    1.0
                ]
            ]
        },
        {
            "file_path": "./train/frame11",
            "transform_matrix": [
                [
                    0.5750488638877869,
                    0.2654838562011719,
                    0.7738457322120667,
                    -199.2055206298828
                ],
                [
                    0.8181192278862,
                    -0.1866062879562378,
                    -0.543929398059845,
                    21.07176971435547
                ],
                [
                    -2.910383739562761e-11,
                    0.9458838701248169,
                    -0.32450512051582336,
                    93.33679962158203
                ],
                [
                    0.0,
                    0.0,
                    0.0,
                    1.0
                ]
            ]
        },
        {
            "file_path": "./train/frame12",
            "transform_matrix": [
                [
                    0.7250316143035889,
                    0.22349174320697784,
                    0.6514450311660767,
                    -202.4392547607422
                ],
                [
                    0.6887156963348389,
                    -0.235276460647583,
                    -0.6857957243919373,
                    17.323749542236328
                ],
                [
                    -2.910383739562761e-11,
                    0.9458838701248169,
                    -0.32450512051582336,
                    93.33679962158203
                ],
                [
                    0.0,
                    0.0,
                    0.0,
                    1.0
                ]
            ]
        },
        {
            "file_path": "./train/frame13",
            "transform_matrix": [
                [
                    0.8465641736984253,
                    0.17272982001304626,
                    0.5034815669059753,
                    -206.3483428955078
                ],
                [
                    0.5322868824005127,
                    -0.2747143805027008,
                    -0.8007513284683228,
                    14.286697387695312
                ],
                [
                    -2.910383739562761e-11,
                    0.9458838701248169,
                    -0.32450512051582336,
                    93.33679962158203
                ],
                [
                    0.0,
                    0.0,
                    0.0,
                    1.0
                ]
            ]
        },
        {
            "file_path": "./train/frame14",
            "transform_matrix": [
                [
                    0.934877336025238,
                    0.11518993228673935,
                    0.3357613980770111,
                    -210.77940368652344
                ],
                [
                    0.3549710810184479,
                    -0.30337247252464294,
                    -0.8842853307723999,
                    12.079788208007812
                ],
                [
                    -2.910383739562761e-11,
                    0.9458838701248169,
                    -0.32450512051582336,
                    93.33679962158203
                ],
                [
                    0.0,
                    0.0,
                    0.0,
                    1.0
                ]
            ]
        },
        {
            "file_path": "./train/frame15",
            "transform_matrix": [
                [
                    0.9865058660507202,
                    0.05313006788492203,
                    0.15486618876457214,
                    -215.5585479736328
                ],
                [
                    0.16372644901275635,
                    -0.32012617588043213,
                    -0.9331198930740356,
                    10.789608001708984
                ],
                [
                    -2.910383739562761e-11,
                    0.9458838701248169,
                    -0.32450512051582336,
                    93.33679962158203
                ],
                [
                    0.0,
                    0.0,
                    0.0,
                    1.0
                ]
            ]
        },
        {
            "file_path": "./train/frame16",
            "transform_matrix": [
                [
                    0.9994238615036011,
                    -0.011014485731720924,
                    -0.03210557997226715,
                    -220.49818420410156
                ],
                [
                    -0.033942412585020065,
                    -0.32431814074516296,
                    -0.945338785648346,
                    10.46679401397705
                ],
                [
                    -2.910383739562761e-11,
                    0.9458838701248169,
                    -0.32450512051582336,
                    93.33679962158203
                ],
                [
                    0.0,
                    0.0,
                    0.0,
                    1.0
                ]
            ]
        },
        {
            "file_path": "./train/frame17",
            "transform_matrix": [
                [
                    0.9731244444847107,
                    -0.0747271180152893,
                    -0.21781836450099945,
                    -225.40460205078125
                ],
                [
                    -0.23028025031089783,
                    -0.31578385829925537,
                    -0.9204626679420471,
                    11.124004364013672
                ],
                [
                    -2.910383739562761e-11,
                    0.9458838701248169,
                    -0.32450512051582336,
                    93.33679962158203
                ],
                [
                    0.0,
                    0.0,
                    0.0,
                    1.0
                ]
            ]
        },
        {
            "file_path": "./train/frame18",
            "transform_matrix": [
                [
                    0.9086393713951111,
                    -0.13550743460655212,
                    -0.3949838876724243,
                    -230.085205078125
                ],
                [
                    -0.41758182644844055,
                    -0.2948581278324127,
                    -0.8594672679901123,
                    12.735454559326172
                ],
                [
                    -2.910383739562761e-11,
                    0.9458838701248169,
                    -0.32450512051582336,
                    93.33679962158203
                ],
                [
                    0.0,
                    0.0,
                    0.0,
                    1.0
                ]
            ]
        },
        {
            "file_path": "./train/frame19",
            "transform_matrix": [
                [
                    0.8084994554519653,
                    -0.1909702867269516,
                    -0.5566498041152954,
                    -234.35629272460938
                ],
                [
                    -0.5884970426559448,
                    -0.26236221194267273,
                    -0.7647465467453003,
                    15.2379150390625
                ],
                [
                    -2.910383739562761e-11,
                    0.9458838701248169,
                    -0.32450512051582336,
                    93.33679962158203
                ],
                [
                    0.0,
                    0.0,
                    0.0,
                    1.0
                ]
            ]
        },
        {
            "file_path": "./train/frame20",
            "transform_matrix": [
                [
                    0.6766340136528015,
                    -0.23893947899341583,
                    -0.6964728236198425,
                    -238.05032348632812
                ],
                [
                    -0.7363196015357971,
                    -0.21957118809223175,
                    -0.6400171518325806,
                    18.533180236816406
                ],
                [
                    -2.910383739562761e-11,
                    0.9458838701248169,
                    -0.32450512051582336,
                    93.33679962158203
                ],
                [
                    0.0,
                    0.0,
                    0.0,
                    1.0
                ]
            ]
        },
        {
            "file_path": "./train/frame21",
            "transform_matrix": [
                [
                    0.5182170271873474,
                    -0.27753275632858276,
                    -0.8089663982391357,
                    -241.02230834960938
                ],
                [
                    -0.855249285697937,
                    -0.16816405951976776,
                    -0.4901731014251709,
                    22.49195098876953
                ],
                [
                    -2.910383739562761e-11,
                    0.9458838701248169,
                    -0.32450512051582336,
                    93.33679962158203
                ],
                [
                    0.0,
                    0.0,
                    0.0,
                    1.0
                ]
            ]
        },
        {
            "file_path": "./train/frame22",
            "transform_matrix": [
                [
                    0.33946508169174194,
                    -0.3052355647087097,
                    -0.8897160291671753,
                    -243.15570068359375
                ],
                [
                    -0.9406186938285828,
                    -0.11015814542770386,
                    -0.32109448313713074,
                    26.958908081054688
                ],
                [
                    -2.910383739562761e-11,
                    0.9458838701248169,
                    -0.32450512051582336,
                    93.33679962158203
                ],
                [
                    0.0,
                    0.0,
                    0.0,
                    1.0
                ]
            ]
        },
        {
            "file_path": "./train/frame23",
            "transform_matrix": [
                [
                    0.1473933905363083,
                    -0.3209608495235443,
                    -0.9355528354644775,
                    -244.36666870117188
                ],
                [
                    -0.9890780448913574,
                    -0.04782990738749504,
                    -0.13941702246665955,
                    31.75870132446289
                ],
                [
                    -2.910383739562761e-11,
                    0.9458838701248169,
                    -0.32450512051582336,
                    93.33679962158203
                ],
                [
                    0.0,
                    0.0,
                    0.0,
                    1.0
                ]
            ]
        },
        {
            "file_path": "./train/frame24",
            "transform_matrix": [
                [
                    -0.050462935119867325,
                    -0.32409167289733887,
                    -0.944678783416748,
                    -244.60775756835938
                ],
                [
                    -0.9987260103225708,
                    0.016375480219721794,
                    0.047732073813676834,
                    36.70305252075195
                ],
                [
                    -2.910383739562761e-11,
                    0.9458838701248169,
                    -0.32450512051582336,
                    93.33679962158203
                ],
                [
                    0.0,
                    0.0,
                    0.0,
                    1.0
                ]
            ]
        },
        {
            "file_path": "./train/frame25",
            "transform_matrix": [
                [
                    -0.2463381588459015,
                    -0.3145051598548889,
                    -0.9167354702949524,
                    -243.86953735351562
                ],
                [
                    -0.9691840410232544,
                    0.07993798702955246,
                    0.2330072671175003,
                    41.597900390625
                ],
                [
                    -2.910383739562761e-11,
                    0.9458838701248169,
                    -0.32450512051582336,
                    93.33679962158203
                ],
                [
                    0.0,
                    0.0,
                    0.0,
                    1.0
                ]
            ]
        },
        {
            "file_path": "./train/frame26",
            "transform_matrix": [
                [
                    -0.4325479567050934,
                    -0.2925773859024048,
                    -0.8528192639350891,
                    -242.18089294433594
                ],
                [
                    -0.9016109704971313,
                    0.14036400616168976,
                    0.40914011001586914,
                    46.25120544433594
                ],
                [
                    -2.910383739562761e-11,
                    0.9458838701248169,
                    -0.32450512051582336,
                    93.33679962158203
                ],
                [
                    0.0,
                    0.0,
                    0.0,
                    1.0
                ]
            ]
        },
        {
            "file_path": "./train/frame27",
            "transform_matrix": [
                [
                    -0.6017845273017883,
                    -0.2591687738895416,
                    -0.7554382085800171,
                    -239.608154296875
                ],
                [
                    -0.7986586093902588,
                    0.19528214633464813,
                    0.5692182183265686,
                    50.48036575317383
                ],
                [
                    -2.910383739562761e-11,
                    0.9458838701248169,
                    -0.32450512051582336,
                    93.33679962158203
                ],
                [
                    0.0,
                    0.0,
                    0.0,
                    1.0
                ]
            ]
        },
        {
            "file_path": "./train/frame28",
            "transform_matrix": [
                [
                    -0.7474067211151123,
                    -0.2155904322862625,
                    -0.6284138560295105,
                    -236.2522430419922
                ],
                [
                    -0.6643668413162231,
                    0.24253730475902557,
                    0.7069599628448486,
                    54.11940002441406
                ],
                [
                    -2.910383739562761e-11,
                    0.9458838701248169,
                    -0.32450512051582336,
                    93.33679962158203
                ],
                [
                    0.0,
                    0.0,
                    0.0,
                    1.0
                ]
            ]
        },
        {
            "file_path": "./train/frame29",
            "transform_matrix": [
                [
                    -0.8637003302574158,
                    -0.16355249285697937,
                    -0.47673100233078003,
                    -232.24490356445312
                ],
                [
                    -0.5040059089660645,
                    0.2802751660346985,
                    0.8169601559638977,
                    57.02552795410156
                ],
                [
                    -2.910383739562761e-11,
                    0.9458838701248169,
                    -0.32450512051582336,
                    93.33679962158203
                ],
                [
                    0.0,
                    0.0,
                    0.0,
                    1.0
                ]
            ]
        },
        {
            "file_path": "./train/frame30",
            "transform_matrix": [
                [
                    -0.9461026787757874,
                    -0.1050964742898941,
                    -0.3063405156135559,
                    -227.74330139160156
                ],
                [
                    -0.32386696338653564,
                    0.30701515078544617,
                    0.8949032425880432,
                    59.084739685058594
                ],
                [
                    -2.910383739562761e-11,
                    0.9458838701248169,
                    -0.32450512051582336,
                    93.33679962158203
                ],
                [
                    0.0,
                    0.0,
                    0.0,
                    1.0
                ]
            ]
        }
    ]
}